 0.00  287.90  335.25  438.39  406.18  314.01  273.31  383.27  339.43  377.95  318.11  343.01  264.88  319.37  315.67  355.66  286.23  321.24  264.67  325.01  299.48  345.58  328.59  365.63  
287.90   0.00  234.07  449.02  378.17  164.25  271.40  273.87  236.45  241.23  274.34  213.22  183.03  180.61  162.45  260.31  150.48  234.86  252.25  196.70  168.23  221.03  199.18  300.05  
335.25  234.07   0.00  439.92  390.95  218.32  340.99  329.24  235.72  286.76  317.45  271.92  267.99  234.09  239.16  274.02  246.58  253.43  314.56  257.31  219.29  265.95  228.59  321.88  
438.39  449.02  439.92   0.00  415.78  444.47  434.54  485.23  453.03  418.36  403.64  487.13  484.21  460.06  467.30  400.86  446.55  473.15  472.91  467.97  434.04  403.68  458.31  500.12  
406.18  378.17  390.95  415.78   0.00  372.37  404.94  434.63  401.41  450.31  350.88  415.19  411.45  382.93  369.56  451.97  346.82  417.78  406.08  385.97  368.42  404.68  410.43  449.87  
314.01  164.25  218.32  444.47  372.37   0.00  307.56  290.64  219.07  229.46  290.44  189.45  197.42  190.76  172.72  241.49  181.46  197.72  274.71  221.88  139.47  191.14  214.71  271.57  
273.31  271.40  340.99  434.54  404.94  307.56   0.00  351.43  319.80  365.74  295.96  323.93  274.86  282.24  256.13  369.03  264.06  315.49  261.02  273.59  276.75  326.17  308.06  377.06  
383.27  273.87  329.24  485.23  434.63  290.64  351.43   0.00  339.28  339.61  383.05  326.96  297.86  294.00  286.31  365.51  269.95  312.14  357.21  286.05  287.73  314.01  302.43  327.06  
339.43  236.45  235.72  453.03  401.41  219.07  319.80  339.28   0.00  279.99  306.95  243.59  256.65  242.30  217.36  274.94  223.11  244.76  277.19  253.83  196.15  239.55  261.37  326.46  
377.95  241.23  286.76  418.36  450.31  229.46  365.74  339.61  279.99   0.00  349.39  299.83  265.86  290.65  251.58  151.73  215.80  298.93  347.32  307.42  231.36  179.96  253.38  360.59  
318.11  274.34  317.45  403.64  350.88  290.44  295.96  383.05  306.95  349.39   0.00  308.96  286.60  286.42  277.72  363.88  266.17  302.80  294.43  298.78  264.43  327.10  295.99  378.34  
343.01  213.22  271.92  487.13  415.19  189.45  323.93  326.96  243.59  299.83  308.96   0.00  240.25  207.25  218.26  309.31  240.39  188.26  283.70  235.16  199.03  251.78  260.26  304.74  
264.88  183.03  267.99  484.21  411.45  197.42  274.86  297.86  256.65  265.86  286.60  240.25   0.00  206.20  205.70  266.00  188.47  245.68  228.53  239.29  210.89  232.77  232.22  310.74  
319.37  180.61  234.09  460.06  382.93  190.76  282.24  294.00  242.30  290.65  286.42  207.25  206.20   0.00  207.68  302.76  217.62  222.05  252.81  196.38  194.22  243.24  219.58  296.42  
315.67  162.45  239.16  467.30  369.56  172.72  256.13  286.31  217.36  251.58  277.72  218.26  205.70  207.68   0.00  276.55  155.86  203.63  265.37  203.88  160.94  224.40  220.90  309.44  
355.66  260.31  274.02  400.86  451.97  241.49  369.03  365.51  274.94  151.73  363.88  309.31  266.00  302.76  276.55   0.00  250.11  294.16  354.10  308.85  257.28  194.92  257.55  371.25  
286.23  150.48  246.58  446.55  346.82  181.46  264.06  269.95  223.11  215.80  266.17  240.39  188.47  217.62  155.86  250.11   0.00  228.14  258.93  202.61  164.78  202.83  206.22  316.11  
321.24  234.86  253.43  473.15  417.78  197.72  315.49  312.14  244.76  298.93  302.80  188.26  245.68  222.05  203.63  294.16  228.14   0.00  293.48  235.51  202.81  245.08  263.48  262.51  
264.67  252.25  314.56  472.91  406.08  274.71  261.02  357.21  277.19  347.32  294.43  283.70  228.53  252.81  265.37  354.10  258.93  293.48   0.00  270.82  241.81  306.17  292.28  358.59  
325.01  196.70  257.31  467.97  385.97  221.88  273.59  286.05  253.83  307.42  298.78  235.16  239.29  196.38  203.88  308.85  202.61  235.51  270.82   0.00  209.58  256.68  255.41  317.68  
299.48  168.23  219.29  434.04  368.42  139.47  276.75  287.73  196.15  231.36  264.43  199.03  210.89  194.22  160.94  257.28  164.78  202.81  241.81  209.58   0.00  193.35  228.01  294.74  
345.58  221.03  265.95  403.68  404.68  191.14  326.17  314.01  239.55  179.96  327.10  251.78  232.77  243.24  224.40  194.92  202.83  245.08  306.17  256.68  193.35   0.00  236.41  332.64  
328.59  199.18  228.59  458.31  410.43  214.71  308.06  302.43  261.37  253.38  295.99  260.26  232.22  219.58  220.90  257.55  206.22  263.48  292.28  255.41  228.01  236.41   0.00  302.13  
365.63  300.05  321.88  500.12  449.87  271.57  377.06  327.06  326.46  360.59  378.34  304.74  310.74  296.42  309.44  371.25  316.11  262.51  358.59  317.68  294.74  332.64  302.13   0.00  
