 0.00  384.19  403.90  315.39  377.38  355.67  619.28  419.94  273.09  404.57  331.14  387.67  480.81  333.78  265.68  319.60  328.13  440.93  337.99  372.50  314.56  319.88  378.27  362.41  266.01  329.53  648.03  260.57  331.19  402.67  364.04  343.72  399.44  370.58  258.03  247.13  152.15  390.67  292.04  394.52  329.59  368.50  385.03  317.41  323.90  452.92  171.39  342.74  335.58  414.50  345.17  434.04  406.84  301.73  371.68  280.14  141.35  355.23  391.23  396.93  415.04  389.14  385.63  347.64  379.67  287.48  717.96  387.64  334.83  428.70  361.29  419.22  415.49  394.56  280.34  265.79  654.97  325.43  410.98  380.16  391.93  343.44  423.38  325.16  277.25  239.92  769.36  307.18  308.04  414.71  412.04  433.30  453.14  308.49  397.64  380.19  751.33  414.41  288.63  350.46  
384.19   0.00  452.90  408.14  401.91  385.43  585.25  506.92  352.41  390.63  421.18  297.37  505.53  431.58  316.13  414.44  450.33  453.00  437.91  389.91  388.01  302.56  466.87  423.31  322.60  361.07  624.41  346.10  386.42  391.58  442.30  239.67  480.86  435.83  339.00  352.02  357.45  450.69  388.17  380.56  382.62  340.00  449.21  407.04  356.70  470.71  399.30  410.16  371.99  395.99  414.26  296.82  490.50  365.55  424.91  354.38  361.45  418.19  457.60  371.68  455.73  313.85  476.81  419.83  433.28  339.71  726.36  453.26  417.56  385.91  441.46  316.91  467.56  434.65  353.59  359.11  630.46  403.64  477.20  396.95  449.72  276.19  520.51  390.09  327.68  347.98  787.44  385.86  393.61  402.54  463.98  334.37  467.97  375.86  487.32  456.83  753.48  465.51  362.26  349.87  
403.90  452.90   0.00  424.12  404.96  402.68  563.84  538.95  395.91  425.21  461.97  447.72  313.11  403.25  378.04  456.50  464.99  407.00  469.13  439.33  434.35  415.46  314.96  396.60  391.72  416.70  584.26  429.82  417.68  409.11  401.98  421.64  375.48  452.12  393.00  402.56  371.11  520.88  384.64  414.48  423.38  429.22  346.44  357.06  425.74  387.97  393.55  458.13  381.80  418.89  401.71  493.10  355.54  421.56  380.00  381.41  397.13  484.74  458.82  420.02  460.07  449.58  329.23  407.50  377.47  392.54  670.23  493.58  439.63  441.22  483.24  463.87  339.08  424.17  414.38  407.07  588.60  451.98  457.75  422.48  447.50  401.05  291.15  380.08  432.19  405.81  712.16  446.69  380.51  450.06  444.84  479.89  370.41  417.34  403.73  496.19  714.52  539.44  376.89  388.27  
315.39  408.14  424.12   0.00  405.85  391.13  619.98  460.08  343.15  419.95  390.29  388.67  462.07  275.51  321.86  388.07  415.27  480.34  416.13  400.34  405.24  375.13  408.56  278.67  324.73  354.35  642.23  341.93  367.96  402.62  430.37  388.90  411.76  294.90  323.28  344.96  295.02  447.94  360.02  397.71  381.67  418.67  429.22  297.75  366.64  475.45  359.69  389.12  377.72  415.75  395.43  451.52  419.45  325.48  421.06  345.25  335.09  407.48  458.05  397.58  474.23  419.02  432.04  355.91  439.46  340.29  727.53  425.67  414.36  433.03  432.36  402.12  432.81  369.12  334.06  353.32  665.80  388.83  454.30  397.39  480.01  389.11  461.98  322.80  340.28  341.47  784.46  366.73  362.95  418.02  463.36  448.07  449.17  294.97  463.99  438.76  785.24  450.22  343.58  358.59  
377.38  401.91  404.96  405.85   0.00  246.24  628.49  402.08  324.19  474.84  434.68  390.55  440.19  380.73  328.47  285.40  342.85  418.41  423.66  450.66  404.31  359.62  403.84  343.64  312.09  356.76  665.64  390.54  353.99  421.05  487.48  387.56  370.67  402.65  330.65  350.09  352.81  381.67  349.81  414.87  427.09  421.98  433.38  340.99  343.29  364.81  372.67  408.01  301.04  404.21  434.29  412.55  412.02  380.94  245.85  302.98  339.32  407.28  396.39  407.09  497.36  377.35  435.60  330.70  295.01  354.93  728.82  375.22  383.67  403.56  427.23  408.99  422.12  339.27  324.64  318.50  664.65  385.82  389.88  397.64  461.73  358.81  480.57  319.62  340.80  357.03  747.94  409.46  365.31  462.72  470.43  402.36  488.26  360.01  276.14  316.49  769.63  392.99  355.66  394.11  
355.67  385.43  402.68  391.13  246.24   0.00  601.82  345.22  294.06  449.66  421.51  383.28  459.18  348.11  289.56  213.43  309.29  376.31  399.47  423.00  410.60  338.71  405.97  325.12  303.21  303.08  652.13  338.73  317.63  404.01  483.03  367.82  402.72  379.50  321.45  296.02  311.71  331.60  323.58  387.45  416.96  408.75  435.22  317.11  340.73  334.75  319.49  365.04  288.50  380.63  434.35  389.85  412.19  346.51  270.66  247.79  313.88  401.40  377.67  388.41  490.64  354.83  444.87  325.03  311.87  290.42  703.64  352.73  351.76  371.68  418.13  376.85  444.72  352.61  324.78  270.38  665.69  381.73  371.77  377.30  475.91  340.15  480.02  314.40  330.00  314.12  737.30  378.34  359.14  432.53  486.80  378.29  502.93  332.61  316.38  280.15  749.77  356.63  321.58  375.97  
619.28  585.25  563.84  619.98  628.49  601.82   0.00  589.04  565.46  546.45  602.15  602.72  624.69  638.53  600.06  620.86  598.38  434.39  580.40  559.19  617.74  605.80  563.08  601.79  591.76  614.21  439.42  536.04  526.02  577.38  584.80  593.57  616.93  635.94  598.70  579.51  562.19  552.07  512.47  590.86  585.00  600.12  568.51  610.77  608.27  550.20  586.07  563.84  521.91  625.30  587.08  636.34  606.38  563.84  566.46  595.79  593.72  558.13  573.57  566.36  625.58  625.62  586.41  613.99  588.49  613.44  551.99  604.68  568.41  602.28  624.00  626.62  605.00  600.74  585.11  557.99  427.95  567.55  615.20  608.20  629.00  569.15  602.05  582.74  604.93  575.74  544.17  556.36  522.77  600.79  623.59  616.89  601.27  616.74  544.19  636.94  572.90  639.34  566.28  563.09  
419.94  506.92  538.95  460.08  402.08  345.22  589.04   0.00  419.16  548.43  490.47  515.39  564.88  414.11  456.12  315.57  385.87  330.11  481.34  532.16  476.80  441.09  520.64  400.15  424.48  429.37  643.44  333.36  426.55  537.29  566.95  484.09  484.68  449.27  438.06  408.13  401.76  235.96  410.06  528.66  490.48  531.31  548.57  423.37  444.65  468.10  409.80  402.44  407.07  516.12  527.94  526.37  498.28  435.67  407.80  393.22  407.87  376.52  468.48  505.13  570.88  499.23  539.11  404.24  431.43  436.36  636.55  298.47  433.53  491.99  434.31  515.51  542.87  441.10  453.12  374.45  629.57  362.08  467.22  495.82  556.81  465.99  571.46  396.51  424.66  395.44  653.15  363.43  472.75  554.69  566.47  516.32  606.44  436.06  394.03  377.95  648.30  341.13  420.90  481.41  
273.09  352.41  395.91  343.15  324.19  294.06  565.46  419.16   0.00  382.41  355.83  330.67  461.55  355.49  251.07  312.08  270.07  420.81  217.65  366.54  342.73  303.35  388.57  348.39  246.16  254.45  579.54  268.70  228.86  362.39  406.06  321.50  380.37  365.94  239.05  246.05  227.04  381.90  243.02  357.35  358.22  346.10  397.50  330.33  296.59  426.95  237.78  317.14  256.96  364.31  376.82  406.43  417.19  295.29  335.92  257.40  221.98  325.97  325.20  351.96  415.76  328.04  409.62  333.26  363.01  257.45  664.96  356.46  276.98  359.65  391.31  356.88  403.72  379.19  245.92  238.86  598.07  306.60  335.85  351.89  405.55  286.48  436.00  336.32  269.56  244.27  716.92  307.96  271.60  373.56  402.58  377.54  446.31  331.12  379.99  369.85  702.44  386.87  215.37  320.56  
404.57  390.63  425.21  419.95  474.84  449.66  546.45  548.43  382.41   0.00  412.10  368.08  480.25  438.47  390.92  467.26  512.99  446.26  461.13  321.70  400.07  350.20  466.61  460.55  381.65  390.51  579.16  379.06  431.26  349.09  394.02  364.01  490.32  450.67  389.71  369.70  384.02  499.56  386.94  357.54  395.17  382.84  464.07  449.67  408.83  465.26  423.73  456.11  415.04  390.95  401.48  430.09  501.06  428.43  480.70  392.61  390.19  461.57  483.47  355.56  442.95  394.01  464.59  476.26  470.19  409.22  651.67  488.59  438.14  395.79  467.85  401.35  479.59  460.54  402.01  404.66  584.27  445.31  520.12  375.78  432.64  353.95  468.61  443.78  391.91  386.01  723.96  423.21  418.28  350.47  440.94  424.10  480.19  430.44  504.31  519.57  686.75  533.86  406.11  323.10  
331.14  421.18  461.97  390.29  434.68  421.51  602.15  490.47  355.83  412.10   0.00  405.16  497.60  406.42  351.71  434.34  453.45  493.28  434.14  360.50  264.61  392.20  457.95  416.23  363.46  369.51  623.57  389.78  405.35  391.37  310.14  401.17  412.46  394.27  368.48  382.65  366.29  474.46  389.29  391.99  312.17  427.37  447.46  401.47  379.41  511.40  407.89  415.21  381.53  383.04  302.03  443.81  447.40  370.14  427.46  378.96  382.31  422.47  487.51  381.08  344.68  447.04  453.25  408.82  441.18  378.30  719.30  433.76  422.59  403.62  340.38  433.18  435.20  436.23  348.41  384.80  630.55  400.00  471.67  386.23  340.80  390.08  502.52  384.82  344.60  369.74  769.81  393.79  399.76  409.27  374.16  448.98  458.04  377.36  494.84  481.69  772.13  456.58  357.04  382.31  
387.67  297.37  447.72  388.67  390.55  383.28  602.72  515.39  330.67  368.08  405.16   0.00  517.55  419.32  325.95  412.70  442.38  477.68  418.99  374.72  393.56  238.99  470.66  429.04  323.57  367.10  605.12  376.67  367.51  365.64  423.70  259.20  460.52  423.85  328.81  354.13  341.39  472.46  363.33  380.90  401.15  290.17  459.47  408.67  361.09  473.24  391.59  426.76  360.23  373.71  419.22  306.19  519.57  363.69  406.82  346.28  349.25  407.78  430.13  348.18  437.59  283.27  487.66  417.08  444.97  358.10  708.62  452.21  416.28  369.59  437.49  232.65  483.48  416.16  330.12  375.09  619.99  396.21  465.56  383.78  439.27  258.41  498.63  383.53  339.18  350.66  758.80  381.76  389.75  383.31  452.93  275.56  481.45  369.42  472.82  469.05  749.83  494.85  358.60  355.75  
480.81  505.53  313.11  462.07  440.19  459.18  624.69  564.88  461.55  480.25  497.60  517.55   0.00  429.06  446.50  538.26  532.12  442.32  521.81  493.78  488.21  483.92  326.52  419.08  451.56  477.96  612.74  464.32  467.40  496.52  456.62  488.57  378.86  486.45  444.60  472.87  430.32  556.11  446.08  477.68  463.62  507.42  332.59  396.77  483.71  419.15  468.22  523.98  463.47  501.60  437.25  534.24  328.65  485.81  430.16  432.00  472.52  533.70  519.41  491.41  510.56  513.20  337.74  460.67  423.16  462.89  700.43  558.60  507.13  507.81  524.76  518.94  325.83  426.49  484.16  487.60  654.28  517.14  526.22  482.31  479.70  472.92  312.02  420.34  485.72  463.11  729.58  506.85  424.03  522.35  455.73  550.10  390.85  444.45  435.29  547.87  742.26  587.02  453.70  455.25  
333.78  431.58  403.25  275.51  380.73  348.11  638.53  414.11  355.49  438.47  406.42  419.32  429.06   0.00  347.76  331.48  371.49  472.45  419.81  411.54  419.87  383.39  421.96  239.34  346.55  358.07  631.51  354.99  366.92  405.61  438.37  404.44  434.27  262.82  358.86  351.00  302.18  382.55  341.18  410.99  383.16  439.73  432.87  266.35  397.04  468.91  333.60  397.34  348.22  389.97  407.69  455.67  414.81  312.70  398.19  336.95  349.65  432.60  399.61  381.83  466.37  425.44  434.22  322.05  436.71  352.23  745.69  375.05  383.62  391.84  414.62  437.45  454.78  311.57  376.99  337.70  658.46  399.92  408.25  393.90  468.59  380.65  453.65  292.50  379.75  365.55  770.95  381.95  352.74  438.55  458.10  442.31  467.35  289.54  461.03  416.84  793.63  409.15  333.28  378.95  
265.68  316.13  378.04  321.86  328.47  289.56  600.06  456.12  251.07  390.92  351.71  325.95  446.50  347.76   0.00  311.66  352.06  426.42  322.57  360.66  336.34  293.22  370.69  363.13  168.75  259.97  609.68  265.27  300.41  364.21  374.59  296.43  372.46  361.34  184.06  234.50  252.02  409.95  298.40  356.27  334.58  348.60  370.56  314.72  238.96  421.44  288.77  344.68  302.04  365.88  358.81  368.04  398.53  310.95  323.50  257.17  237.59  340.95  384.11  369.08  418.55  322.54  391.22  336.23  337.52  234.62  717.96  390.10  320.21  367.31  407.01  344.67  397.78  388.26  225.82  250.92  621.12  324.27  398.19  357.47  413.42  266.80  432.16  335.36  236.30  238.23  776.01  320.83  315.29  377.55  391.13  351.46  430.20  324.92  378.82  375.68  752.33  417.23  251.62  328.87  
319.60  414.44  456.50  388.07  285.40  213.43  620.86  315.57  312.08  467.26  434.34  412.70  538.26  331.48  311.66   0.00  325.49  397.88  371.81  432.27  412.64  351.75  465.31  340.63  307.71  328.77  677.82  344.00  357.43  425.44  483.23  375.83  452.90  374.86  309.01  279.75  306.82  291.58  326.21  429.40  428.34  427.62  473.02  346.87  365.02  373.89  304.73  384.23  315.60  407.17  463.41  414.57  469.43  338.19  315.99  283.60  284.50  406.75  399.47  398.49  506.13  391.90  486.50  325.50  350.09  329.82  688.41  320.99  340.86  371.59  403.86  429.33  501.14  371.90  327.24  246.17  688.18  389.92  363.48  400.21  509.29  354.48  509.62  321.13  321.45  293.52  693.66  378.48  374.03  442.12  499.81  415.78  528.84  344.61  336.37  265.36  721.56  347.59  321.18  382.37  
328.13  450.33  464.99  415.27  342.85  309.29  598.38  385.87  270.07  512.99  453.45  442.38  532.12  371.49  352.06  325.49   0.00  436.37  374.81  478.14  447.31  386.27  433.07  369.44  360.03  378.95  625.71  378.21  301.32  457.02  509.35  421.24  429.31  418.04  361.35  346.22  287.44  353.79  286.93  436.37  441.97  460.48  441.49  333.05  381.99  465.63  304.31  391.64  282.91  427.86  471.89  484.04  454.35  343.77  321.23  293.36  307.15  437.25  382.88  432.10  541.96  424.31  441.19  333.60  376.18  344.42  719.31  346.23  344.61  417.60  453.95  444.48  466.39  367.56  351.86  319.12  657.29  390.71  347.62  439.68  509.13  373.29  504.67  329.98  360.27  341.47  740.31  373.42  327.46  492.45  537.79  444.85  516.32  350.43  387.14  359.40  761.15  381.21  288.08  437.71  
440.93  453.00  407.00  480.34  418.41  376.31  434.39  330.11  420.81  446.26  493.28  477.68  442.32  472.45  426.42  397.88  436.37   0.00  474.24  437.60  488.96  443.16  394.30  435.90  414.09  451.79  424.52  339.07  409.75  469.47  466.25  440.86  436.01  478.89  436.72  406.68  385.89  304.26  390.36  459.60  474.87  458.11  402.32  445.03  441.50  360.01  406.80  415.87  384.38  488.46  456.86  482.91  413.23  459.03  382.17  393.99  408.58  430.80  455.74  457.50  500.61  481.51  398.31  456.50  404.53  420.40  505.15  427.19  427.43  482.26  486.76  477.05  413.52  453.39  435.44  387.46  434.08  417.14  457.09  468.39  492.15  411.21  428.07  430.74  451.81  398.77  533.69  404.69  369.79  482.98  467.79  495.11  435.43  483.11  352.72  428.16  516.14  446.67  408.85  431.96  
337.99  437.91  469.13  416.13  423.66  399.47  580.40  481.34  217.65  461.13  434.14  418.99  521.81  419.81  322.57  371.81  374.81  474.24   0.00  434.42  405.98  398.92  434.61  441.53  309.60  345.28  605.60  320.85  284.73  437.65  465.71  405.70  453.09  438.20  291.88  304.52  288.14  444.01  287.16  443.20  409.84  418.32  435.88  403.88  342.47  514.26  337.48  367.26  334.52  445.21  443.70  480.63  481.22  374.99  412.88  351.46  308.59  365.93  333.81  431.15  491.66  425.25  454.22  406.57  424.84  331.81  703.03  428.36  305.00  450.90  478.56  441.51  463.46  450.39  318.79  321.48  615.76  347.73  358.82  438.71  488.27  365.90  487.01  401.77  328.46  299.77  758.78  364.61  335.05  457.72  481.17  435.08  488.68  424.08  446.94  443.56  737.78  480.94  271.25  413.56  
372.50  389.91  439.33  400.34  450.66  423.00  559.19  532.16  366.54  321.70  360.50  374.72  493.78  411.54  360.66  432.27  478.14  437.60  434.42   0.00  371.12  349.52  459.38  420.15  355.29  360.59  567.42  368.81  409.69  359.39  383.29  351.64  438.16  406.61  348.94  354.58  342.26  479.32  373.40  359.32  347.23  368.87  430.30  428.83  388.39  444.28  397.74  413.58  385.55  393.25  377.77  374.56  462.80  401.21  454.96  383.24  365.13  417.30  476.51  347.37  429.40  402.81  448.96  432.58  461.64  381.74  663.26  474.53  417.45  372.73  431.53  403.90  447.10  427.48  377.04  389.12  590.55  390.80  499.08  343.57  415.74  343.72  480.63  407.92  361.16  353.09  726.20  379.40  405.01  344.56  414.36  406.03  453.12  399.93  496.49  479.81  709.51  500.47  374.53  328.67  
314.56  388.01  434.35  405.24  404.31  410.60  617.74  476.80  342.73  400.07  264.61  393.56  488.21  419.87  336.34  412.64  447.31  488.96  405.98  371.12   0.00  371.57  453.96  420.48  345.66  345.33  634.60  346.39  386.99  376.31  330.91  376.94  394.71  421.22  342.03  375.17  345.84  459.22  360.80  374.40  310.99  418.23  427.79  386.45  346.14  480.21  390.01  395.96  382.82  382.00  314.55  408.49  422.32  340.11  414.75  358.28  350.96  385.39  470.23  380.46  357.53  410.52  431.75  405.47  417.05  369.07  737.28  419.87  414.24  411.40  308.80  411.82  432.07  420.39  327.70  377.01  657.33  366.96  463.85  394.88  348.62  359.38  499.07  382.24  344.99  361.72  794.60  370.06  382.55  418.11  351.15  438.46  440.99  374.73  469.44  469.17  776.31  440.92  346.37  367.77  
319.88  302.56  415.46  375.13  359.62  338.71  605.80  441.09  303.35  350.20  392.20  238.99  483.92  383.39  293.22  351.75  386.27  443.16  398.92  349.52  371.57   0.00  427.60  389.31  293.73  322.72  631.59  337.49  356.98  336.62  420.84  214.34  412.68  396.66  291.34  318.15  298.28  405.79  324.14  339.59  371.58  278.51  432.08  361.47  321.84  437.43  345.20  380.45  325.44  333.33  395.12  312.17  458.69  333.60  363.66  301.86  300.35  379.99  414.77  317.75  442.31  231.03  433.11  372.00  387.16  328.09  711.32  383.98  382.34  342.63  413.55  281.27  441.55  393.09  301.71  315.74  644.62  360.93  428.63  327.23  413.15  223.21  462.20  343.56  319.54  319.11  763.05  357.46  349.87  358.51  432.85  304.05  470.66  344.46  423.11  396.96  760.26  444.64  332.36  314.25  
378.27  466.87  314.96  408.56  403.84  405.97  563.08  520.64  388.57  466.61  457.95  470.66  326.52  421.96  370.69  465.31  433.07  394.30  434.61  459.38  453.96  427.60   0.00  420.16  383.96  415.30  571.69  402.12  393.64  464.88  430.95  434.97  339.93  447.82  391.83  391.22  347.89  511.42  365.98  439.07  417.19  453.18  282.78  373.71  401.61  400.09  385.00  446.91  361.42  450.41  412.53  509.06  304.70  416.15  365.43  365.99  378.37  452.06  433.90  448.18  482.51  462.91  288.57  430.97  364.39  380.72  653.83  493.51  435.50  473.10  496.25  491.71  286.31  411.13  387.61  402.37  589.27  440.73  444.08  438.23  465.24  418.19  305.37  369.97  413.53  383.62  690.52  431.04  323.43  492.88  442.39  503.98  339.80  405.85  364.32  493.95  701.63  512.26  360.91  412.72  
362.41  423.31  396.60  278.67  343.64  325.12  601.79  400.15  348.39  460.55  416.23  429.04  419.08  239.34  363.13  340.63  369.44  435.90  441.53  420.15  420.48  389.31  420.16   0.00  349.80  373.23  640.35  361.01  385.68  426.38  465.95  413.92  417.65  266.40  369.11  377.36  322.08  372.26  352.09  425.21  399.71  465.17  441.00  268.72  409.20  443.04  354.49  424.90  345.34  403.86  414.40  454.00  406.75  345.08  370.50  330.44  365.50  446.86  434.34  396.12  487.20  420.45  432.66  312.97  398.40  376.70  712.28  369.32  404.74  408.93  414.41  436.89  431.28  305.91  387.13  340.28  664.58  420.14  412.42  396.07  469.94  403.17  494.22  292.00  385.26  384.77  724.55  404.91  392.25  432.03  460.09  452.12  506.76  301.67  411.85  365.83  738.75  404.42  361.05  364.67  
266.01  322.60  391.72  324.73  312.09  303.21  591.76  424.48  246.16  381.65  363.46  323.57  451.56  346.55  168.75  307.71  360.03  414.09  309.60  355.29  345.66  293.73  383.96  349.80   0.00  270.87  596.19  261.54  283.88  368.78  385.41  296.22  376.19  358.79  159.89  226.19  246.28  391.54  288.36  367.16  341.89  340.52  381.04  340.70  227.52  418.54  279.39  311.63  299.83  379.15  353.93  363.53  410.12  319.31  324.40  252.09  228.58  316.28  356.47  361.68  417.93  324.02  403.26  357.26  333.69  228.64  693.27  358.66  314.46  380.95  398.38  335.86  403.10  391.92  221.84  247.53  617.22  300.79  395.66  365.89  416.90  280.40  441.95  332.77  228.36  232.19  746.41  315.38  305.56  387.26  384.28  352.44  441.41  332.54  357.25  356.51  728.98  410.14  260.81  320.24  
329.53  361.07  416.70  354.35  356.76  303.08  614.21  429.37  254.45  390.51  369.51  367.10  477.96  358.07  259.97  328.77  378.95  451.79  345.28  360.59  345.33  322.72  415.30  373.23  270.87   0.00  627.50  277.78  308.11  359.76  404.34  335.59  403.48  378.74  272.48  250.48  285.72  421.93  312.93  370.91  366.23  398.18  398.36  346.22  300.44  377.69  317.88  351.43  320.94  367.92  366.45  381.71  404.49  292.58  367.92  288.03  289.15  349.13  417.64  369.09  434.02  365.20  418.79  330.71  385.93  266.10  723.83  389.38  352.23  359.89  417.89  378.22  411.52  389.54  258.75  271.50  638.08  337.15  427.68  359.94  433.48  325.34  444.87  329.60  277.39  261.77  767.99  341.34  346.70  381.87  411.83  378.20  440.04  336.33  431.22  407.62  747.70  403.43  276.21  324.57  
648.03  624.41  584.26  642.23  665.64  652.13  439.42  643.44  579.54  579.16  623.57  605.12  612.74  631.51  609.68  677.82  625.71  424.52  605.60  567.42  634.60  631.59  571.69  640.35  596.19  627.50   0.00  571.75  554.34  597.72  580.54  612.07  623.67  641.64  608.22  591.80  580.55  623.31  535.26  617.64  607.14  592.38  571.92  637.24  632.04  530.77  609.22  633.22  550.07  660.33  591.39  665.99  609.41  594.12  593.05  612.59  622.86  597.50  610.47  597.26  658.00  634.36  572.94  634.52  602.95  615.25  526.95  660.71  599.30  634.97  687.44  626.56  601.63  645.09  604.62  595.99  371.61  604.83  640.80  647.28  646.09  576.40  584.24  624.99  616.59  597.28  537.40  613.42  553.70  633.09  633.28  623.70  606.10  604.36  547.96  697.08  539.45  699.55  574.14  594.45  
260.57  346.10  429.82  341.93  390.54  338.73  536.04  333.36  268.70  379.06  389.78  376.67  464.32  354.99  265.27  344.00  378.21  339.07  320.85  368.81  346.39  337.49  402.12  361.01  261.54  277.78  571.75   0.00  275.10  384.69  406.86  333.89  392.07  377.26  258.29  239.44  233.23  300.54  299.47  389.64  358.74  373.11  391.63  343.42  279.08  441.19  278.62  249.44  327.17  397.52  375.77  381.18  419.08  322.12  388.19  298.25  253.20  268.33  372.86  372.33  429.99  385.91  414.17  366.72  393.73  256.46  658.29  346.86  320.44  396.20  393.88  378.88  424.24  410.30  280.30  283.02  576.71  251.76  421.11  386.31  449.95  300.06  444.76  353.28  266.59  235.91  691.30  267.07  341.64  410.01  408.37  375.46  439.41  336.66  410.88  410.32  678.27  374.97  270.24  357.24  
331.19  386.42  417.68  367.96  353.99  317.63  526.02  426.55  228.86  431.26  405.35  367.51  467.40  366.92  300.41  357.43  301.32  409.75  284.73  409.69  386.99  356.98  393.64  385.68  283.88  308.11  554.34  275.10   0.00  367.10  426.96  358.82  403.31  392.77  291.17  277.33  262.86  393.33  253.32  370.66  381.08  393.07  401.49  328.77  303.84  442.93  298.35  307.42  246.07  388.61  398.89  412.82  427.48  305.02  356.25  279.80  280.02  347.88  302.25  375.69  460.04  373.53  399.85  356.62  374.59  245.89  655.92  380.02  275.77  398.55  446.48  378.63  399.95  369.86  298.52  294.07  563.80  307.33  340.49  372.67  447.73  321.88  442.42  334.89  319.30  267.08  700.56  315.64  269.43  415.66  445.51  377.16  434.42  338.73  394.28  397.35  713.15  416.33  221.77  366.81  
402.67  391.58  409.11  402.62  421.05  404.01  577.38  537.29  362.39  349.09  391.37  365.64  496.52  405.61  364.21  425.44  457.02  469.47  437.65  359.39  376.31  336.62  464.88  426.38  368.78  359.76  597.72  384.69  367.10   0.00  401.78  352.60  458.44  400.98  370.32  351.29  354.61  483.21  331.80  277.44  350.30  364.45  458.97  394.38  386.19  452.28  400.26  416.01  356.26  287.22  383.94  395.75  487.60  377.21  432.62  360.25  378.07  451.80  454.58  286.37  411.25  379.55  463.17  440.95  459.18  363.44  705.47  432.85  398.00  321.58  422.51  380.79  468.93  426.94  390.62  364.49  616.77  416.48  470.32  315.49  415.13  336.49  471.71  410.13  374.01  366.73  774.34  396.05  368.17  304.84  400.85  381.17  461.48  385.75  503.35  473.48  742.19  509.69  336.26  292.66  
364.04  442.30  401.98  430.37  487.48  483.03  584.80  566.95  406.06  394.02  310.14  423.70  456.62  438.37  374.59  483.23  509.35  466.25  465.71  383.29  330.91  420.84  430.95  465.95  385.41  404.34  580.54  406.86  426.96  401.78   0.00  420.88  447.37  457.70  375.94  416.42  385.42  523.27  397.23  417.52  292.93  433.44  408.12  450.25  408.99  470.15  416.59  451.13  413.79  398.79  273.61  455.43  435.85  430.50  454.96  416.32  392.99  443.35  500.08  406.46  305.89  446.31  408.71  482.68  447.90  409.79  684.62  495.91  442.91  400.18  386.84  460.37  416.60  464.85  393.23  424.74  613.78  424.02  498.88  419.68  320.92  393.76  457.14  436.76  398.53  398.49  718.71  433.69  409.37  409.78  331.30  449.20  425.00  438.25  493.54  547.34  719.28  549.67  399.71  387.53  
343.72  239.67  421.64  388.90  387.56  367.82  593.57  484.09  321.50  364.01  401.17  259.20  488.57  404.44  296.43  375.83  421.24  440.86  405.70  351.64  376.94  214.34  434.97  413.92  296.22  335.59  612.07  333.89  358.82  352.60  420.88   0.00  446.31  413.55  300.41  320.47  323.49  440.67  347.67  352.61  369.90  281.66  431.80  394.06  318.08  441.24  375.79  411.38  327.95  346.67  387.07  280.00  476.50  342.83  387.82  324.28  320.35  414.09  429.06  347.04  440.24  236.77  438.53  392.34  410.95  312.54  716.16  431.18  399.32  342.30  430.86  291.16  433.80  395.46  308.53  318.37  636.57  379.16  459.70  336.34  425.14  231.98  472.47  360.12  307.36  326.25  777.00  357.53  360.10  361.18  441.10  322.15  436.21  352.27  456.73  444.31  759.82  461.77  329.53  326.34  
399.44  480.86  375.48  411.76  370.67  402.72  616.93  484.68  380.37  490.32  412.46  460.52  378.86  434.27  372.46  452.90  429.31  436.01  453.09  438.16  394.71  412.68  339.93  417.65  376.19  403.48  623.67  392.07  403.31  458.44  447.37  446.31   0.00  433.38  386.76  411.97  392.55  474.95  359.36  424.20  408.05  487.04  312.32  367.30  396.62  421.70  429.41  438.39  383.94  446.48  413.46  492.06  296.42  403.58  366.54  368.43  397.05  446.21  463.84  446.95  480.90  464.49  325.42  373.40  334.86  374.73  689.70  482.13  458.44  479.25  448.59  489.38  297.27  373.31  367.81  418.37  633.46  426.60  453.26  444.03  468.82  422.72  405.73  342.80  380.64  390.97  741.71  405.99  365.80  500.17  447.17  486.84  375.86  385.01  361.74  457.88  738.74  477.72  383.83  415.80  
370.58  435.83  452.12  294.90  402.65  379.50  635.94  449.27  365.94  450.67  394.27  423.85  486.45  262.82  361.34  374.86  418.04  478.89  438.20  406.61  421.22  396.66  447.82  266.40  358.79  378.74  641.64  377.26  392.77  400.98  457.70  413.55  433.38   0.00  362.72  372.08  322.90  408.30  364.35  399.33  384.17  445.93  465.04  324.81  401.55  493.81  362.99  412.94  367.60  405.82  389.13  458.06  442.68  345.83  425.06  368.83  382.50  429.73  461.37  396.19  475.98  438.10  469.49  364.07  453.09  372.28  749.86  406.63  405.48  407.98  394.82  439.99  462.37  330.32  393.10  348.46  664.17  417.26  431.58  385.95  462.25  406.88  492.78  327.00  386.13  378.97  784.96  397.42  373.75  432.40  447.99  456.90  488.88  324.90  487.10  419.57  792.61  426.20  363.30  378.74  
258.03  339.00  393.00  323.28  330.65  321.45  598.70  438.06  239.05  389.71  368.48  328.81  444.60  358.86  184.06  309.01  361.35  436.72  291.88  348.94  342.03  291.34  391.83  369.11  159.89  272.48  608.22  258.29  291.17  370.32  375.94  300.41  386.76  362.72   0.00  218.82  255.35  400.01  288.81  365.55  345.77  340.54  387.96  349.27  230.09  432.14  277.67  309.92  306.21  386.62  358.78  389.58  400.94  319.33  327.43  258.98  235.45  311.63  374.21  355.63  423.04  354.93  409.21  364.91  336.18  262.89  684.34  374.51  308.56  387.43  395.23  367.10  418.68  395.40  211.21  246.56  616.98  304.21  392.20  367.74  421.94  297.74  443.22  346.47  218.96  224.37  736.97  328.16  317.61  389.25  400.90  373.36  446.46  336.07  369.40  361.50  731.35  423.24  247.29  333.37  
247.13  352.02  402.56  344.96  350.09  296.02  579.51  408.13  246.05  369.70  382.65  354.13  472.87  351.00  234.50  279.75  346.22  406.68  304.52  354.58  375.17  318.15  391.22  377.36  226.19  250.48  591.80  239.44  277.33  351.29  416.42  320.47  411.97  372.08  218.82   0.00  231.63  379.13  278.31  368.75  362.90  331.39  403.28  344.56  270.13  409.81  256.35  308.70  301.26  378.11  371.33  388.46  428.69  328.48  355.90  257.01  211.46  319.55  353.25  351.17  442.41  361.55  418.65  360.26  383.64  213.18  674.44  368.52  298.74  379.35  404.79  370.17  424.71  397.31  243.81  236.12  607.94  314.75  387.74  360.20  440.78  294.87  449.69  345.39  236.71  202.46  731.07  305.90  326.26  381.16  417.57  351.78  455.11  344.15  395.43  358.66  718.80  406.36  252.56  333.85  
152.15  357.45  371.11  295.02  352.81  311.71  562.19  401.76  227.04  384.02  366.29  341.39  430.32  302.18  252.02  306.82  287.44  385.89  288.14  342.26  345.84  298.28  347.89  322.08  246.28  285.72  580.55  233.23  262.86  354.61  385.42  323.49  392.55  322.90  255.35  231.63   0.00  356.56  242.15  358.89  329.34  347.38  363.88  294.88  292.99  437.64  64.28  297.36  276.26  371.24  357.82  402.65  394.37  293.59  365.93  259.56  61.29  314.40  341.94  333.23  421.89  354.32  369.89  326.38  387.54  243.39  694.96  355.39  297.59  370.54  402.86  370.40  393.48  355.08  261.81  248.31  593.07  285.22  366.87  353.88  411.24  306.46  400.60  299.16  273.78  210.17  739.01  288.65  259.24  390.83  398.77  372.28  421.53  313.36  391.44  370.59  734.52  397.28  225.97  326.32  
390.67  450.69  520.88  447.94  381.67  331.60  552.07  235.96  381.90  499.56  474.46  472.46  556.11  382.55  409.95  291.58  353.79  304.26  444.01  479.32  459.22  405.79  511.42  372.26  391.54  421.93  623.31  300.54  393.33  483.21  523.27  440.67  474.95  408.30  400.01  379.13  356.56   0.00  377.44  482.05  449.54  489.10  530.24  405.18  429.46  463.64  379.52  339.90  373.61  466.57  484.98  479.08  505.80  423.35  386.78  346.56  381.29  365.90  426.92  443.79  528.85  459.98  528.27  409.24  429.83  399.77  631.16  274.62  392.92  448.69  411.79  474.75  524.68  413.62  419.60  333.12  626.67  345.02  418.73  458.74  521.94  411.96  573.77  388.30  392.66  365.42  629.62  338.32  432.85  490.75  499.79  476.45  589.37  397.81  390.97  346.95  648.30  305.34  395.33  434.61  
292.04  388.17  384.64  360.02  349.81  323.58  512.47  410.06  243.02  386.94  389.29  363.33  446.08  341.18  298.40  326.21  286.93  390.36  287.16  373.40  360.80  324.14  365.98  352.09  288.36  312.93  535.26  299.47  253.32  331.80  397.23  347.67  359.36  364.35  288.81  278.31  242.15  377.44   0.00  340.02  363.57  367.24  360.67  314.49  316.41  436.59  279.07  346.68  222.72  350.73  367.04  416.41  401.52  298.84  337.80  270.43  264.28  365.40  301.44  341.22  425.07  362.82  376.88  328.32  355.43  284.84  615.27  359.42  283.22  352.78  411.72  376.37  384.00  328.12  291.90  281.23  554.34  309.14  318.76  355.01  397.71  298.35  404.96  312.45  302.92  262.89  679.73  310.07  266.77  384.76  405.58  376.97  418.33  342.73  391.68  379.92  670.52  418.15  221.99  331.96  
394.52  380.56  414.48  397.71  414.87  387.45  590.86  528.66  357.35  357.54  391.99  380.90  477.68  410.99  356.27  429.40  436.37  459.60  443.20  359.32  374.40  339.59  439.07  425.21  367.16  370.91  617.64  389.64  370.66  277.44  417.52  352.61  424.20  399.33  365.55  368.75  358.89  482.05  340.02   0.00  381.87  386.82  443.72  383.41  377.92  431.18  406.32  399.50  335.18  266.45  380.46  416.18  465.14  364.80  423.43  352.68  380.26  447.62  446.27  279.35  445.23  384.67  444.62  413.93  430.07  361.26  726.83  441.37  382.80  365.96  439.38  382.16  465.12  418.16  378.89  353.28  634.13  414.69  433.93  329.27  422.04  330.06  481.38  401.40  368.06  373.13  784.94  399.65  363.18  342.85  437.38  392.98  466.43  393.07  471.22  469.17  783.00  491.92  342.17  296.45  
329.59  382.62  423.38  381.67  427.09  416.96  585.00  490.48  358.22  395.17  312.17  401.15  463.62  383.16  334.58  428.34  441.97  474.87  409.84  347.23  310.99  371.58  417.19  399.71  341.89  366.23  607.14  358.74  381.08  350.30  292.93  369.90  408.05  384.17  345.77  362.90  329.34  449.54  363.57  381.87   0.00  411.79  405.69  396.31  357.35  473.99  370.55  403.95  376.44  374.92  286.71  418.65  422.94  385.03  404.83  353.55  348.64  414.33  454.28  357.93  353.07  414.98  406.48  414.10  416.04  359.39  704.76  431.45  410.64  388.69  366.43  422.66  410.45  422.17  355.21  380.08  626.14  383.13  457.12  337.23  314.38  346.45  477.49  387.68  354.45  348.27  760.28  386.10  367.86  399.04  326.41  425.18  429.09  373.84  468.49  455.85  751.76  468.34  350.15  364.24  
368.50  340.00  429.22  418.67  421.98  408.75  600.12  531.31  346.10  382.84  427.37  290.17  507.42  439.73  348.60  427.62  460.48  458.11  418.32  368.87  418.23  278.51  453.18  465.17  340.52  398.18  592.38  373.11  393.07  364.45  433.44  281.66  487.04  445.93  340.54  331.39  347.38  489.10  367.24  386.82  411.79   0.00  444.39  444.61  376.95  457.34  400.29  440.05  357.26  400.53  434.58  323.11  518.33  409.72  447.94  376.97  342.29  429.08  446.01  375.82  470.86  302.96  469.45  450.97  460.09  361.23  689.22  479.42  408.82  403.00  467.20  308.71  474.35  470.40  344.08  385.76  616.92  420.40  487.19  382.96  468.59  283.17  480.28  429.28  361.68  359.40  751.24  402.18  395.28  387.85  449.79  327.71  487.18  409.82  477.58  481.56  734.67  510.18  378.58  371.93  
385.03  449.21  346.44  429.22  433.38  435.22  568.51  548.57  397.50  464.07  447.46  459.47  332.59  432.87  370.56  473.02  441.49  402.32  435.88  430.30  427.79  432.08  282.78  441.00  381.04  398.36  571.92  391.63  401.49  458.97  408.12  431.80  312.32  465.04  387.96  403.28  363.88  530.24  360.67  443.72  405.69  444.39   0.00  365.89  391.59  400.25  404.18  459.77  371.21  461.98  415.37  490.43  313.29  429.63  363.60  372.19  397.20  424.18  451.58  455.17  453.60  473.14  255.07  396.27  350.41  390.72  680.40  510.37  450.09  458.70  492.00  487.91  251.17  402.67  387.69  428.96  580.61  421.21  471.09  447.05  451.14  403.50  334.61  371.10  407.38  404.42  722.18  434.41  360.99  481.13  430.17  503.65  318.37  410.49  378.33  534.24  731.65  547.87  380.37  420.50  
317.41  407.04  357.06  297.75  340.99  317.11  610.77  423.37  330.33  449.67  401.47  408.67  396.77  266.35  314.72  346.87  333.05  445.03  403.88  428.83  386.45  361.47  373.71  268.72  340.70  346.22  637.24  343.42  328.77  394.38  450.25  394.06  367.30  324.81  349.27  344.56  294.88  405.18  314.49  383.41  396.31  444.61  365.89   0.00  366.21  409.07  338.05  382.78  307.39  397.93  409.29  437.11  360.80  273.11  340.57  287.53  339.60  396.88  406.15  405.25  479.91  391.85  369.02  259.47  376.07  331.38  746.10  376.84  384.39  419.89  429.30  420.59  398.53  282.83  351.11  325.78  663.07  371.88  395.59  387.99  445.13  359.94  420.68  253.02  350.13  320.20  778.27  360.60  352.22  421.11  457.10  429.97  440.32  258.35  378.41  388.36  795.36  425.17  308.54  370.67  
323.90  356.70  425.74  366.64  343.29  340.73  608.27  444.65  296.59  408.83  379.41  361.09  483.71  397.04  238.96  365.02  381.99  441.50  342.47  388.39  346.14  321.84  401.61  409.20  227.52  300.44  632.04  279.08  303.84  386.19  408.99  318.08  396.62  401.55  230.09  270.13  292.99  429.46  316.41  377.92  357.35  376.95  391.59  366.21   0.00  438.63  337.32  347.84  302.96  389.85  368.14  389.80  426.53  334.82  324.79  293.54  289.56  354.62  387.42  396.71  443.14  356.13  410.47  368.95  335.58  279.87  746.17  399.78  357.38  401.45  429.75  375.16  425.06  394.31  244.80  303.66  639.68  333.13  419.45  380.67  432.70  293.16  471.52  363.94  266.42  275.94  802.42  336.53  338.54  434.99  419.48  380.97  417.24  367.58  391.84  410.78  804.65  444.74  277.27  369.23  
452.92  470.71  387.97  475.45  364.81  334.75  550.20  468.10  426.95  465.26  511.40  473.24  419.15  468.91  421.44  373.89  465.63  360.01  514.26  444.28  480.21  437.43  400.09  443.04  418.54  377.69  530.77  441.19  442.93  452.28  470.15  441.24  421.70  493.81  432.14  409.81  437.64  463.64  436.59  431.18  473.99  457.34  400.25  409.07  438.63   0.00  455.49  486.07  401.04  448.36  465.26  494.89  403.22  432.89  348.73  382.37  425.10  504.00  497.03  460.81  526.94  471.46  418.99  435.65  358.89  421.02  618.37  469.40  477.44  458.94  514.05  505.34  422.44  431.03  442.12  395.45  532.71  488.88  494.77  438.37  504.44  433.19  431.91  415.17  436.07  419.28  666.72  478.22  402.77  481.27  495.82  501.95  429.02  446.38  341.32  402.75  669.51  463.87  439.04  410.51  
171.39  399.30  393.55  359.69  372.67  319.49  586.07  409.80  237.78  423.73  407.89  391.59  468.22  333.60  288.77  304.73  304.31  406.80  337.48  397.74  390.01  345.20  385.00  354.49  279.39  317.88  609.22  278.62  298.35  400.26  416.59  375.79  429.41  362.99  277.67  256.35  64.28  379.52  279.07  406.32  370.55  400.29  404.18  338.05  337.32  455.49   0.00  326.36  308.24  417.33  391.70  443.65  427.50  342.27  375.66  284.86  42.76  344.88  353.45  377.86  445.34  385.74  412.12  353.68  407.39  287.79  717.79  378.12  321.35  409.06  414.33  416.66  441.25  393.41  302.34  250.87  630.62  332.10  387.26  398.00  428.18  348.67  435.11  336.63  304.15  242.07  755.38  329.11  264.61  431.79  429.83  424.40  483.21  363.08  398.19  371.74  751.69  410.56  268.21  358.57  
342.74  410.16  458.13  389.12  408.01  365.04  563.84  402.44  317.14  456.11  415.21  426.76  523.98  397.34  344.68  384.23  391.64  415.87  367.26  413.58  395.96  380.45  446.91  424.90  311.63  351.43  633.22  249.44  307.42  416.01  451.13  411.38  438.39  412.94  309.92  308.70  297.36  339.90  346.68  399.50  403.95  440.05  459.77  382.78  347.84  486.07  326.36   0.00  354.18  416.01  409.27  449.77  458.47  364.97  410.43  325.34  329.37  276.78  395.23  388.82  488.10  447.63  452.62  409.42  439.35  311.73  691.08  308.36  351.83  423.84  397.55  445.41  457.61  437.15  333.86  328.15  617.09  253.05  426.95  417.66  493.43  390.63  494.45  386.02  333.24  291.26  712.89  303.27  361.99  437.05  467.63  442.51  494.80  398.04  452.31  428.44  730.79  354.01  312.02  374.64  
335.58  371.99  381.80  377.72  301.04  288.50  521.91  407.07  256.96  415.04  381.53  360.23  463.47  348.22  302.04  315.60  282.91  384.38  334.52  385.55  382.82  325.44  361.42  345.34  299.83  320.94  550.07  327.17  246.07  356.26  413.79  327.95  383.94  367.60  306.21  301.26  276.26  373.61  222.72  335.18  376.44  357.26  371.21  307.39  302.96  401.04  308.24  354.18   0.00  347.95  375.08  386.73  411.11  300.32  303.63  239.50  297.72  377.03  273.24  359.43  438.43  338.88  385.12  313.67  333.28  282.62  631.60  358.26  256.39  369.12  412.96  374.94  394.77  321.91  298.24  260.66  564.64  330.14  279.91  360.77  412.05  296.93  438.12  299.35  316.38  302.80  674.27  334.77  245.34  401.78  436.61  374.82  410.33  333.55  370.87  357.33  684.91  403.87  230.86  338.50  
