wX_0
 0.00  273.31  264.88  264.67  294.50  
273.31   0.00  274.86  261.02  271.61  
264.88  274.86   0.00  228.53  187.92  
264.67  261.02  228.53   0.00  258.15  
294.50  271.61  187.92  258.15   0.00  

wX_1
 0.00  273.87  180.61  196.70  379.28  
273.87   0.00  294.00  286.05  359.08  
180.61  294.00   0.00  196.38  347.77  
196.70  286.05  196.38   0.00  332.44  
379.28  359.08  347.77  332.44   0.00  

wX_2
 0.00  235.72  239.16  219.29  278.13  
235.72   0.00  217.36  196.15  272.04  
239.16  217.36   0.00  160.94  235.01  
219.29  196.15  160.94   0.00  223.27  
278.13  272.04  235.01  223.27   0.00  

wX_3
 0.00  418.36  400.86  403.68  407.69  
418.36   0.00  151.73  179.96  165.38  
400.86  151.73   0.00  194.92  156.12  
403.68  179.96  194.92   0.00  170.76  
407.69  165.38  156.12  170.76   0.00  

wX_4
 0.00  350.88  346.82  410.43  390.26  
350.88   0.00  266.17  295.99  245.58  
346.82  266.17   0.00  206.22  129.58  
410.43  295.99  206.22   0.00  193.51  
390.26  245.58  129.58  193.51   0.00  

wX_5
 0.00  189.45  197.72  271.57  196.94  
189.45   0.00  188.26  304.74  203.09  
197.72  188.26   0.00  262.51  205.19  
271.57  304.74  262.51   0.00  309.81  
196.94  203.09  205.19  309.81   0.00  

